{
  "intrinsics": [
    [
      1388.888888888889,
      0,
      500.0
    ],
    [
      0,
      1388.888888888889,
      500.0
    ],
    [
      0,
      0,
      1
    ]
  ],
  "extrinsics": {
    "orients": [
      [
        [
          -4.371138828673793e-08,
          0.3420202434062958,
          -0.9396925568580627
        ],
        [
          1.0,
          1.4950179760830906e-08,
          -4.107527118435428e-08
        ],
        [
          0.0,
          -0.9396925568580627,
          -0.3420202434062958
        ]
      ],
      [
        [
          -0.3826833963394165,
          0.3159855008125305,
          -0.8681628108024597
        ],
        [
          0.9238795638084412,
          0.13088546693325043,
          -0.35960477590560913
        ],
        [
          0.0,
          -0.9396925568580627,
          -0.3420202434062958
        ]
      ],
      [
        [
          -0.7071067690849304,
          0.24184481799602509,
          -0.6644630432128906
        ],
        [
          0.7071067690849304,
          0.24184483289718628,
          -0.6644630432128906
        ],
        [
          0.0,
          -0.9396925568580627,
          -0.3420202434062958
        ]
      ],
      [
        [
          -0.9238795042037964,
          0.13088549673557281,
          -0.3596048653125763
        ],
        [
          0.38268348574638367,
          0.3159855008125305,
          -0.8681627511978149
        ],
        [
          0.0,
          -0.9396925568580627,
          -0.3420202434062958
        ]
      ],
      [
        [
          -1.0,
          -2.990035952166181e-08,
          8.215054236870856e-08
        ],
        [
          -8.742277657347586e-08,
          0.3420202434062958,
          -0.9396925568580627
        ],
        [
          0.0,
          -0.9396925568580627,
          -0.3420202434062958
        ]
      ],
      [
        [
          -0.9238795042037964,
          -0.13088548183441162,
          0.3596048057079315
        ],
        [
          -0.3826834261417389,
          0.3159855008125305,
          -0.8681627511978149
        ],
        [
          0.0,
          -0.9396925568580627,
          -0.3420202434062958
        ]
      ],
      [
        [
          -0.7071068286895752,
          -0.2418448030948639,
          0.6644629836082458
        ],
        [
          -0.7071067094802856,
          0.24184484779834747,
          -0.6644630432128906
        ],
        [
          0.0,
          -0.9396925568580627,
          -0.3420202434062958
        ]
      ],
      [
        [
          -0.38268357515335083,
          -0.31598547101020813,
          0.8681627511978149
        ],
        [
          -0.9238795042037964,
          0.1308855265378952,
          -0.35960492491722107
        ],
        [
          0.0,
          -0.9396925568580627,
          -0.3420202434062958
        ]
      ],
      [
        [
          1.1924880638503055e-08,
          -0.3420202434062958,
          0.9396925568580627
        ],
        [
          -1.0,
          -4.078550386310553e-09,
          1.1205722572071863e-08
        ],
        [
          0.0,
          -0.9396925568580627,
          -0.3420202434062958
        ]
      ],
      [
        [
          0.3826836049556732,
          -0.31598547101020813,
          0.8681626915931702
        ],
        [
          -0.9238794445991516,
          -0.1308855265378952,
          0.35960495471954346
        ],
        [
          0.0,
          -0.9396925568580627,
          -0.3420202434062958
        ]
      ],
      [
        [
          0.7071066498756409,
          -0.24184486269950867,
          0.6644631028175354
        ],
        [
          -0.70710688829422,
          -0.2418447881937027,
          0.6644629240036011
        ],
        [
          0.0,
          -0.9396925568580627,
          -0.3420202434062958
        ]
      ],
      [
        [
          0.9238795638084412,
          -0.13088546693325043,
          0.35960477590560913
        ],
        [
          -0.3826834261417389,
          -0.3159855008125305,
          0.8681628108024597
        ],
        [
          0.0,
          -0.9396925568580627,
          -0.3420202434062958
        ]
      ],
      [
        [
          1.0,
          5.980071904332362e-08,
          -1.6430108473741711e-07
        ],
        [
          1.7484555314695172e-07,
          -0.3420202434062958,
          0.9396925568580627
        ],
        [
          0.0,
          -0.9396925568580627,
          -0.3420202434062958
        ]
      ],
      [
        [
          0.9238795638084412,
          0.13088542222976685,
          -0.35960468649864197
        ],
        [
          0.38268330693244934,
          -0.3159855306148529,
          0.8681628108024597
        ],
        [
          0.0,
          -0.9396925568580627,
          -0.3420202434062958
        ]
      ],
      [
        [
          0.7071067690849304,
          0.24184483289718628,
          -0.6644630432128906
        ],
        [
          0.7071067690849304,
          -0.24184481799602509,
          0.6644629836082458
        ],
        [
          0.0,
          -0.9396925568580627,
          -0.3420202434062958
        ]
      ],
      [
        [
          0.38268327713012695,
          0.3159855306148529,
          -0.8681628704071045
        ],
        [
          0.9238796234130859,
          -0.13088542222976685,
          0.3596046566963196
        ],
        [
          0.0,
          -0.9396925568580627,
          -0.3420202434062958
        ]
      ]
    ],
    "locs": [
      [
        10.0,
        0.0,
        5.0
      ],
      [
        9.238795280456543,
        3.8268344402313232,
        5.0
      ],
      [
        7.071067810058594,
        7.071067810058594,
        5.0
      ],
      [
        3.8268344402313232,
        9.238795280456543,
        5.0
      ],
      [
        6.123233998228043e-16,
        10.0,
        5.0
      ],
      [
        -3.8268344402313232,
        9.238795280456543,
        5.0
      ],
      [
        -7.071067810058594,
        7.071067810058594,
        5.0
      ],
      [
        -9.238795280456543,
        3.8268344402313232,
        5.0
      ],
      [
        -10.0,
        1.2246467996456087e-15,
        5.0
      ],
      [
        -9.238795280456543,
        -3.8268344402313232,
        5.0
      ],
      [
        -7.071067810058594,
        -7.071067810058594,
        5.0
      ],
      [
        -3.8268344402313232,
        -9.238795280456543,
        5.0
      ],
      [
        -1.8369700935892946e-15,
        -10.0,
        5.0
      ],
      [
        3.8268344402313232,
        -9.238795280456543,
        5.0
      ],
      [
        7.071067810058594,
        -7.071067810058594,
        5.0
      ],
      [
        9.238795280456543,
        -3.8268344402313232,
        5.0
      ]
    ]
  }
}