{
  "cam_stereo_calib": {
    "intrinsics": [
      [
        711.1111111111111,
        0,
        800.0
      ],
      [
        0,
        711.1111111111111,
        800.0
      ],
      [
        0,
        0,
        1
      ]
    ],
    "t": [
      0.09972609579563141,
      0.005499952472746372,
      0.00494535593315959
    ],
    "R": [
      [
        0.989058792591095,
        -0.09878654032945633,
        -0.10956239700317383
      ],
      [
        0.10969775915145874,
        0.9890737533569336,
        0.0984860211610794
      ],
      [
        0.0986362025141716,
        -0.10942723602056503,
        0.989088773727417
      ]
    ],
    "R_L": [
      [
        0.9972609281539917,
        0.05499952659010887,
        0.049453556537628174
      ],
      [
        -0.04246525838971138,
        -0.12167762219905853,
        0.9916608929634094
      ],
      [
        0.060558270663022995,
        -0.9910447001457214,
        -0.11900877207517624
      ]
    ],
    "R_R": [
      [
        0.9972609281539917,
        -0.049528930336236954,
        -0.05493165925145149
      ],
      [
        0.04246525838971138,
        -0.22466784715652466,
        0.973509669303894
      ],
      [
        -0.060558270663022995,
        -0.9731758832931519,
        -0.22194920480251312
      ]
    ]
  },
  "corruption_matrices": {
    "dR_L": [
      [
        0.9972609281539917,
        0.05499952659010887,
        0.049453556537628174
      ],
      [
        -0.05226422846317291,
        0.9971175789833069,
        -0.05499953031539917
      ],
      [
        -0.052335962653160095,
        0.05226423218846321,
        0.9972609281539917
      ]
    ],
    "dR_R": [
      [
        0.9972609281539917,
        -0.049528930336236954,
        -0.05493166297674179
      ],
      [
        0.05226422846317291,
        0.9974042773246765,
        0.04952893406152725
      ],
      [
        0.052335962653160095,
        -0.05226423218846321,
        0.9972609281539917
      ]
    ]
  },
  "perfect_position": {
    "R_0L": [
      [
        1.0,
        0.0,
        0.0
      ],
      [
        0.0,
        -0.17364831268787384,
        0.9848077297210693
      ],
      [
        0.0,
        -0.9848077297210693,
        -0.17364831268787384
      ]
    ],
    "R_0R": [
      [
        1.0,
        0.0,
        0.0
      ],
      [
        0.0,
        -0.17364831268787384,
        0.9848077297210693
      ],
      [
        0.0,
        -0.9848077297210693,
        -0.17364831268787384
      ]
    ]
  }
}