{
  "cam": {
    "intrinsics": [
      [
        800.0,
        0,
        360.0
      ],
      [
        0,
        799.9996948242188,
        243.0
      ],
      [
        0,
        0,
        1
      ]
    ]
  },
  "transforms": {
    "rotation_matrix": [
      [
        0.9848077297210693,
        1.518080594564708e-08,
        -0.1736481785774231
      ],
      [
        -1.518080594564708e-08,
        1.0,
        1.3281535871101369e-09
      ],
      [
        0.1736481785774231,
        1.3281535871101369e-09,
        0.9848077297210693
      ]
    ],
    "euler_angles": [
      0,
      10,
      0
    ]
  },
  "extrinsics": {
    "rotation_matrix": [
      [
        0.5760834217071533,
        0.2241477072238922,
        -0.7860570549964905
      ],
      [
        0.817388117313385,
        -0.16047696769237518,
        0.5532845854759216
      ],
      [
        -0.0021265968680381775,
        -0.9612517952919006,
        -0.2756637930870056
      ]
    ],
    "translation": [
      7.358891487121582,
      -6.925790786743164,
      4.958309173583984
    ]
  }
}